$ANSIBLE_VAULT;1.1;AES256
30663365353962376465333631623864353539326132356233353832393931313034303066323661
3531333833313565353062383764316266656138323238360a373732363962303561663464656538
33376538653835666637353164646536306332383366623564353831376437346534626365376566
6365373562613438340a336333396131373066363164356433653531653234313066363133373337
66383336623063643932306636313436653837303365386137376537363034346439383639323165
37643863306639356230313132376330306632656131396335656534333232646636366138663362
30343264646331376263623631616334386637353831633165313133666636636233613237333130
38626435363238333638323936633934366663643562333532363163656162393238326431383135
66313036373134333865353865633936653938626262336230343434346336373331353066356338
36623565363938366536386231643236333263323461313864383536373736353865373035633938
36383766306134383639623565663765363439623636393832663261643733386339633662303931
34616134663463303738636334386436643837626537623730623634303163326434613031303335
63346663353536396665326534633636613731306636636261393366313364633733336630376433
39643663626135623863376530323565663566393537393263383530633765376531643362613331
35663339303835316430313938636433646361396631353661616562653336396335376237616338
66613161666166393439376439623331303663363539393633396166653665323535383531323934
32623532373433613737386139636137303134386163393063333566663765383030383865343865
34663437643364373861323130366333643930373962613130363638303432666562616136633830
38316634313531623365656336646132343661663133383135353233636337346364663465656334
39336263613761313633323835306439346437313437313132386162663733353132363564353431
35633239336432646339303538646533303634316262646534333863393439316537366361643533
39623666633132633064333739393038333638383939366133643466646337633532396563353364
35383162366238343461323561313732353566316134353834313631346337313263383634326536
62663865376438626437646461313830316339623039613138623531653464626335663365346361
3038
