$ANSIBLE_VAULT;1.1;AES256
30663164656664376365333830326636646537383734626462323932376533643734653338373362
3530633131613232373761363966306239363361383966390a383939303837333466663661626561
33356531323034373564353431386531353463353362383161333037356261633864633837396663
3564343364393265610a613739313135613262623932346431643464313834386664343065346363
39633466636136666630396665643332303832393037386631366530366137646261653763613436
34356463646135393834323738323262366265353665633336323732633862633536623837353830
64346337353234663466336135626432396234353039366135313430366138376236623630333031
63373161333938363532366336393566353064313131636536346133333531393537383066323962
65386363643339356134626639633730646232636661353534366330663034386332386634363064
30663464353766376138333030353239386539363337643635643234303632366362336432313462
34333236306364373630666462323432373430383033343233313437633137373138383432353432
66616237353833336163373138623734613861663335313031653130666638363438373862666265
63383136616634363863353764383861663733313835313465366234333836643162663332666335
34653734383831373466643864343133613865303064323164663563396563333837623664383739
33316665353663643934313537633865363833353938356362383933653465333433343033616434
30316535336262376334346161373734316335356438366663313131623231353464663561633832
30306636623766363234666366653137623935633630616266666464386431636161393366323137
63656332343662366537356631316665636335396162316138326337323063386266663933383466
33386534646135366239623466613938346632383663343733646262653239303837326336353562
61323538333035383861393165386439353738316261343465323834613035323336623733623932
32653261646338633166363030643131656662653136343638366566316663623664376464656136
62373233393665623832633536643938633630323435383539623066363134616264333836386433
34393234333536326665343436353539356634353335303032663633356664316663386632663632
65643462653366303834366539363964343538373633393162343736333439396232326131393262
37306133643233636666303236653166306538636261373939626137353932643136653230666633
30633733643437363732633264373236313438633361323839386230386636613631333565396331
35393065393039623365643665623566373864623930363638646638663066643466336231336436
37363265306461396263663535663835313832616336326236333463633230353262343561646436
30656265633933303131316132613632346131333633353934653136393233646539626539623931
37343639363535666134363135313238396663653962653534653165613930323732643337356536
39386337646134303866363663386430383563636334353661613237343136363964613633363264
36646665383862353539333033306264343935316537373963356331643962663733623963623133
64353461346664316533363933376164333661623834663938626432623364323635306439623635
34303965663964646135353062356665633663343436313866303063313939363366663261613164
32306364356466366664306132643233326562303662306534323934386238386633663538646535
36386630303133373236313339323064303637626662316562396163336337356634366531646666
33646335383136643739633830396365653630393764346364383863333365343136643931356330
32393633303562306139373534346161313833326462626237646564666264333734343061383730
30366666616436323739373062333462346264306338616137393234643736386462633733613631
39326263346163613131623666643339623835313231613037643435633665353234373564393532
66353331626439353064353261363066656235613032653961636630396531326162303165613133
36323164663037636138346132616461636266323662646263303436613861316233343138383338
32633435636337373136326639356364623932303833356234316365353461363134623463366532
62396434363865656331663533336238313138363131313632353061646334303961636239356266
38336566373462353261393532613563346362613766343639363534313433326331323434653736
64363737326163323731666532396561653839643037376661623761383731323336313962353037
38623033643738356562663763623236333938336131616435393662386163343037633461336435
66376536636164343864653162656661373231656433613164353533613538396139626464343538
62373235376136323065353130303135376538613632326338333462633331343539393731376365
65343331636634303064643562663664623534636662383561653966633361643435643766386230
33373133333035356630643436643262633431623361636437623665376138663532343432663534
30626137656130633738613761393839313764393661623137663864653538326231613733383434
66636562396465393733626438666563663265666163366435313933653138333366613061346536
33616132376638646135303530353338306266386163313138656362366463386634363462643963
31373230373162393231623436306562653334663761396232633765323732353939646362363338
62336433373366643930623661323736333637386535373734366137333063666238396639613530
62326361373530346534323939613334363766303130363433616237316565353832306665353132
62313164663036613637333335366366326430653737313832343931633061663162613731633530
38623831326332383330623265336362346561373534303539636231646138303738633966613266
32383731393938613564663236376231346366666335343139666461376632323537633936326661
65613165323437623238646135326430386439326533343461383634646234383034656330383331
31343530336563353938336363333163663864306434393164356139623430386563323236616230
63303733343965633735643733393535613032646436383934396664333561636263336263363838
36383263646265643866643263643932653132333334363765373262316561386637363637336265
38336166383165643237363132316534663462343765363433636238323738383266356536333430
30333933323332313033353561613564326135666162336533373832373535393634653663356565
34396263386630646230666438613061396433373864643134646237663366323761396463656631
31306265353963353738393664376665343538613236373166346332336163656531663465623466
64373035376235343562343835333630356136353963643631373730653837623466646335326536
64323431333233383861303461666364303436646162326564383932336430653033633964623137
65633539353462663737353831313836333630306432313234316430633666353438373536616534
39373735366538333939356265353561383863643931363538366537323030306531396464643164
62336566616166366534613865363433323136393264393662333436363639303638336330633161
36343330313732613638333131326635616535633237323936373261336234306137303330313531
63386137343062306632623064666139313331393962326566623634656335356261326361666539
65343465356331393537646233383439613863386634383261616231623966653966666366363066
66613533666235383137373962336462396634616666623162366663373730613735323466373630
62633337366333343762353862323061376166303331376135626534383966663332646236336664
33653535316266643062653033646132616332306436666131386131616465303761346638393837
35636263306663643237626161313038656534666263353339353161363763363537336238363464
62303233653861656232383566386539313631386461363435343231323863646362646266653766
34346132663666366339653663333766663762306364373836636136396432323530623261613632
66396163366136663566366561376362656330316335613635356163613762343830613833326162
63393934363534633133383531373239333530366232343034643434356564333466663239663163
38336334313263383362316534306363323061663130316562306536396239666339383465646232
61353032336130353231316632376165333466303031356133643634666630633234323563636264
38666437643966376633363439383035356538343232393238313162353432643738643937313638
34356235343561373431396539346138653233393131613263626631383535616638623962326434
38626265613031656263346666323263326264656530323435366330623763383831383239663634
63653362613932353566306139313663363932346363343365643862653634376666373330633231
66303230363864623332616566356330366638626137656438303233363535343866626362633937
66396332653664633963663362386637613866373531396235336134393735656562396163376431
34333134396339613061333962383039313138363263643862313431363734376563313266626432
36316338636436303831333333323632653338303736623536343236633835643866356537616363
35336361336532666466616431343661326462653364656131306364306138666365373937333465
33633166633732623966346562386362613762363437376337396537333061613338663064346265
35616366386161663962366135333238653362323465666263663664623734393735656332393330
34656362343035333135343035316634623461333637666234613237633932313366363334353466
39373232643366623965623761313865383666656564643037363338633337346134616231306634
34356237393765626662613161636338353466383363343765396132303735633061313236663438
33303439656237376665373437306466353832323136333734613237326235626434333237666139
39353331353962633630613438646434653237663864313263386334343266323839326631666131
39663235363463653532396135306536313566623039313263306632353435373131396332373735
64316636623961393535353535396635363937313332353933383864363066643566613666393535
35333465303461393035383535653239366630616534373834613832353939373266616361333665
32323365323633373261313666666562346462363532666661333237623335383661313734656264
62646630376431303664623731613038633633393233336132383264323865393032386538346264
33383162333033656136313034313333306264616262636462663030653231363639376435626439
62666165656135663763633039663764383932333332643430633538376562646436333839306165
30356436386565383536656332336237663635323736316431306432626266396366653934356430
63353336356163363532656133306235633933303762633832613131386330666565366431663561
63336464386363316666653835343761663337626363393633396337346662376262666365323662
37653330383766326338613739643932656330396237636666393633343365383639316437323837
31333732323030393030373932646262643666636366363336343562306638643139376132313231
34653438363935386263613931643335376634313862636339303236386430613434353332386634
38303866346532343262353865623732663137303339396362336662353939383166366262643833
36626665616363626539656637636639396636333637376262383861623963373065366164613663
64343030333431373433663033393665326335343962373462336631396166653963656363316239
39643736303731343334613664346134313131643362366533313236343431363536313830303131
37353264656436343230383735323130633938313332373664623934336330643036366530656366
64663165643237326635393630666266323932663932356666613765386631336237373165343561
66373065326666363337633331613231373863373931663564363162306337653533643065353532
32333338303866303835373261303234616261333434633733376433386165333636313366333030
32333565663534333833633036373235353032303836366130626235373234626137363930646435
65326238333932633566646139343537323432366234343837363937656333386465313938633632
37666232333234373830633264333831393063356438353931363137626465633562366536313239
36643231313065633163343361313366303163663665393131636166346466636166326238636239
36303933393161636536333266613834343232386338353030353038333065393934646138396132
36666663653333346132383434333964353366616233663933386136636633383330393131316662
39373136333733373331333738316362613966383666653130376533356330636365643131326331
33613230353735383265633239656533646565343736636533313466363730333162393636356330
62363837333061653938633365636561363565333533313131343765356461656133353533393065
33653135393932303963646538343837613465336432626334356137396436663331636162376538
37626231613863663635396364353761366463313963346437323638646338353135646434613138
34303939373164383266643733646534353661363066393833666165363633386166363064633738
35666333653265643033326633633862303461323334656433376538666136303337646438663466
62363261393362366161663130396664666661333933313764636233386561333138373339636466
34636664333933666463303062643730383761313638303361653637313634623464656362653064
31383462363434396333643365653539393330306466363566633337326530396631326131353865
36643837313133653062306662313937313531376162373166323536636266666636336333316637
64663737326133633937363162383865336539653461626339653539303835396362323632653330
63323234646136616165666232326336623362653764336365633265393230643333303366626534
31316164363262653761366330616239626231363837333965333764306462656132333033386366
35333837343230653866633136323835346632323334623037393334663761633765646566656332
35356364633062306135316130643466366665613364326435376537323764343837303134633232
62653761353166373663666131306564616430373964613962623736383335636630663634623935
34656639376162343866366362616138333535663864643134323135336633336463313031343233
35313335636561313534363634353939363361343664623065626639653433356262396436323865
65393737616437333762386361303034366263373532343866326435333133626163303363333362
37646632336237383062323435376561643136393762383966363030363566633235633530323961
64383165663831616534646464356537363633343663653035313738626464396332663464643533
37373965666565346534326435366238643035393262323938303438306138656236383933343737
66613533353735346264316363376234363564643230356532333132333264333466393332663634
32313834336535316466626466313363623239323061376232386435316565626563346231366162
63653166366239333363636332633137363738373365386663306232633931393062333537336630
33326133633663643334366336613765346266343132623665633164366230346363646137653734
37653036366333333166626566316666643265376332613634323031316334623432313764326135
38353232366635353434303533633963636439326532373338383032656363326635376237383834
34666231646635313537303664363264656230666333373438383164316362653964316535633362
36303134386339336561633332376233663566633832383665613230306138326238383235303663
36333131616364633438633662666439323966316261303939376332633736343633383363333130
37373037666462316165313666646134323234383333633562366366376538643330323633613033
35653830363163643538613863353731623330333764623230666261326563653135626430663433
30613061353766623234333838623132623062666638653236646637313038366638633661633233
64316462656631303631636336656539613134366532373364656434666561346264303363636530
64343835353034356431363566386463386462343166343565396566353733633535386264636338
36313865383337393265656338626537663963633261363533326532616439656234336135656232
38343935663335343637623437386363623532613639633431646461393164636435366637336332
61363366333439623831653731386431646561313861323765643963383331346633333162343837
65653366366135383238363133643234376633613831623432626666633866353334633331393830
34636438346338663766363139666231373733613534363864636430313265373030316562623638
66643437303061363066626631353933343066653530613431666333646362636263626464333065
32646535353537636662636265633932396135653736396239313439393333656430616236663037
37333131633231636338343037666663326139346263623538623962363636643333303365643539
34613661326330643634623233346362373436306162323932353263613662363564623461326535
37343234303730636335626633346563346335613562616134666432643233353735666137663263
30343865343432626337636231656437326537353764643365373262323364663939626662306564
62336337343238393831656665616163383636303564613438376461653866396362363064393634
66613466643364616534376566653830613961346233356531376463323235363632356230393837
65356437303835626266363838363632663864663434623239386237656662343962366164313137
31613765646136393634656232636462373164663763303238616564356337386237306137343764
65646636353831356666313637663337666662363632346265393865306665613065383235356233
38653437623134376436633137356532636531353934313833393865646137326366326438336535
31623337393763333736346239656637386432633835393365333232633531326138663934653237
36363164663637383935323737663961666465323766363965626639666466663832373464343138
62653036386439613964613837656438373535336638323438653634306138613831656165373762
31663263373566383733643164643934306635616262636432393764353666353462653037393939
31303738376239326262633134653532356237633466663437333836353466343161343665613330
35616661616561313339326235363030326131613032373636373862356635313933353233623536
31666339643235356265393466326462356630353935663762616634613132333365306466356437
38353139353061623835343137633331323333303665393366623431336361306262663231633538
66633137373032353061316265383439343336353463333461313531663933643137656133623962
63353532363164626632633038376265623235373461303163383264353833663335616330333732
39343834646361646137333936323632646664336230623038646338323836373631323037656432
31313534633164313937353235323637663064316638666139653766343937646165643661303239
36333862373863623732333737656261643361633337663665393632313237376437326631393631
31633164326631373738656635393237343938383830663832376664363037623334656665633034
30363166623561353461316664666562346162393265616332643766386364336536646238396164
35373362636132363766643638346530333135663235303364303734393162316434616632353437
61383965303566613533393763376333663038646238353365313434316461663065393261373139
31343934353739663738613335306334663236303666363631623039393566393835656634363633
62626164373765633763366462663831333031356230313132653934376264616666656636616363
33313239663336396264303233393564376463386164336238393135356435333862373166396633
37653334626631656236636130666337363437333832663335656531636436653139353239393439
35653563326231643765346362393432616231653663373130353566363962636430306335313866
31343762326437386635666138336561376461386539643439623837313137613065393530323233
32356432666637343361373436346339333930363138303363623435303762663438613663653262
66393335353831643135653763383035303930343837386430303332313236666631656665376332
61653161326530616137653265316431656566646435653466316639313038626161363837643032
30316235313938313032393863633637376537323665623535313733626264636363386462623632
35366335616231336631336562333735386363626638336233383631383337653365373436383939
32306265323533636434656466343036616132356235636232643032663863643763653932616631
34363665336165376238646638313439613062303764303130623332303532613835616234633330
39396338366335333033643837656237346665616130363339653161306366396136326238646138
31646536666661356139623037373035323933653762656664653330646135396462303930386362
39656136303164363331386664343430313965343833623066373036656533356236643330356137
33393933636164353334373462313663306532313930333261616630643566353737336462383266
66626535636135316333613537613030613230356330643366333038363065306531356264643234
31306664613863653864646239643930346534623430653230376331353435366432333234343031
65613131373461326437373663356437373961373166353432643332663339666630393335616537
61653464643065643965326537363834333762393432353633323136646366373362653333313466
39343366666365316538326238623463376633306433373361616539623338356237366235353962
32316333656565613561343934346562333733336637343035303234363736626465373365653261
63346163616138356133373630656139373638326632396434386339386164653931303161666464
37653232663235643766336264353632326137346137626338386666653261653338646133333134
6536323461653236666436336562636166653831623133376334
